Condition,SubjID,Drug,RewardSize,TotalTrials,prop_Slever,prop_Llever,prop_Mag,prop_Other,Slever,Llever,Mag,Other,prop_congruentlever,prop_incongruentlever,congruentlever,incongruentlever,Bothlevers,prop_Bothlevers,prop_totalLever_congruentlever,prop_totalLever_incongruentlever,prop_totalLever_Slever,prop_totalLever_Llever,not_Slever,not_Llever,not_Mag,not_Bothlevers,not_congruentlever,not_incongruentlever
Saline_Small,13,Saline,Small,13,0.0769,0,0,0.9231,1,0,0,12,0.0769,0,1,0,1,0.0769230769230769,1,0,1,0,12,13,13,12,12,13
Saline_Small,14,Saline,Small,5,0.6,0,0,0.4,3,0,0,2,0.6,0,3,0,3,0.6,1,0,1,0,2,5,5,2,2,5
Saline_Small,15,Saline,Small,8,0,0.5,0.375,0.125,0,4,3,1,0,0.5,0,4,4,0.5,0,1,0,1,8,4,5,4,8,4
Saline_Small,16,Saline,Small,24,0.0833,0.0417,0.0417,0.8333,2,1,1,20,0.0833,0.0417,2,1,3,0.125,0.666666666666667,0.333333333333333,0.666666666666667,0.333333333333333,22,23,23,21,22,23
Saline_Small,17,Saline,Small,7,1,0,0,0,7,0,0,0,1,0,7,0,7,1,1,0,1,0,0,7,7,0,0,7
Saline_Small,20,Saline,Small,13,0.1538,0.3077,0.3846,0.1538,2,4,5,2,0.1538,0.3077,2,4,6,0.461538461538462,0.333333333333333,0.666666666666667,0.333333333333333,0.666666666666667,11,9,8,7,11,9
Saline_Small,21,Saline,Small,9,0.5556,0,0.4444,0,5,0,4,0,0.5556,0,5,0,5,0.555555555555556,1,0,1,0,4,9,5,4,4,9
Saline_Small,22,Saline,Small,7,0,0.4286,0.1429,0.4286,0,3,1,3,0,0.4286,0,3,3,0.428571428571429,0,1,0,1,7,4,6,4,7,4
Saline_Small,23,Saline,Small,3,0.6667,0,0,0.3333,2,0,0,1,0.6667,0,2,0,2,0.666666666666667,1,0,1,0,1,3,3,1,1,3
Saline_Small,25,Saline,Small,6,0,0.6667,0.1667,0.1667,0,4,1,1,0,0.6667,0,4,4,0.666666666666667,0,1,0,1,6,2,5,2,6,2
Saline_Small,26,Saline,Small,8,0.125,0.25,0.5,0.125,1,2,4,1,0.125,0.25,1,2,3,0.375,0.333333333333333,0.666666666666667,0.333333333333333,0.666666666666667,7,6,4,5,7,6
Saline_Large,14,Saline,Large,7,0,0.1429,0,0.8571,0,1,0,6,0.1429,0,1,0,1,0.142857142857143,1,0,0,1,7,6,7,6,6,7
Saline_Large,20,Saline,Large,8,0.25,0.125,0.5,0.125,2,1,4,1,0.125,0.25,1,2,3,0.375,0.333333333333333,0.666666666666667,0.666666666666667,0.333333333333333,6,7,4,5,7,6
Saline_Large,21,Saline,Large,9,0.2222,0.4444,0.3333,0,2,4,3,0,0.4444,0.2222,4,2,6,0.666666666666667,0.666666666666667,0.333333333333333,0.333333333333333,0.666666666666667,7,5,6,3,5,7
Saline_Large,25,Saline,Large,6,0.1667,0.1667,0.6667,0,1,1,4,0,0.1667,0.1667,1,1,2,0.333333333333333,0.5,0.5,0.5,0.5,5,5,2,4,5,5
Saline_Large,26,Saline,Large,16,0,0.1875,0.8125,0,0,3,13,0,0.1875,0,3,0,3,0.1875,1,0,0,1,16,13,3,13,13,16
SKF_Small,13,SKF,Small,23,0.0435,0.0435,0,0.913,1,1,0,21,0.0435,0.0435,1,1,2,0.0869565217391304,0.5,0.5,0.5,0.5,22,22,23,21,22,22
SKF_Small,14,SKF,Small,11,0.3636,0.3636,0,0.2727,4,4,0,3,0.3636,0.3636,4,4,8,0.727272727272727,0.5,0.5,0.5,0.5,7,7,11,3,7,7
SKF_Small,15,SKF,Small,7,0.2857,0.2857,0.2857,0.1429,2,2,2,1,0.2857,0.2857,2,2,4,0.571428571428571,0.5,0.5,0.5,0.5,5,5,5,3,5,5
SKF_Small,16,SKF,Small,27,0.2963,0,0,0.7037,8,0,0,19,0.2963,0,8,0,8,0.296296296296296,1,0,1,0,19,27,27,19,19,27
SKF_Small,19,SKF,Small,6,0,0.1667,0.6667,0.1667,0,1,4,1,0,0.1667,0,1,1,0.166666666666667,0,1,0,1,6,5,2,5,6,5
SKF_Small,20,SKF,Small,29,0.1724,0.3448,0.3103,0.1724,5,10,9,5,0.1724,0.3448,5,10,15,0.517241379310345,0.333333333333333,0.666666666666667,0.333333333333333,0.666666666666667,24,19,20,14,24,19
SKF_Small,21,SKF,Small,28,0.5,0.0357,0.2143,0.25,14,1,6,7,0.5,0.0357,14,1,15,0.535714285714286,0.933333333333333,0.0666666666666667,0.933333333333333,0.0666666666666667,14,27,22,13,14,27
SKF_Small,22,SKF,Small,10,0.1,0.3,0,0.6,1,3,0,6,0.1,0.3,1,3,4,0.4,0.25,0.75,0.25,0.75,9,7,10,6,9,7
SKF_Small,23,SKF,Small,1,1,0,0,0,1,0,0,0,1,0,1,0,1,1,1,0,1,0,0,1,1,0,0,1
SKF_Small,25,SKF,Small,9,0.1111,0.3333,0.3333,0.2222,1,3,3,2,0.1111,0.3333,1,3,4,0.444444444444444,0.25,0.75,0.25,0.75,8,6,6,5,8,6
SKF_Large,13,SKF,Large,33,0.0303,0,0,0.9697,1,0,0,32,0,0.0303,0,1,1,0.0303030303030303,0,1,1,0,32,33,33,32,33,32
SKF_Large,14,SKF,Large,12,0.0833,0.6667,0,0.25,1,8,0,3,0.6667,0.0833,8,1,9,0.75,0.888888888888889,0.111111111111111,0.111111111111111,0.888888888888889,11,4,12,3,4,11
SKF_Large,16,SKF,Large,21,0.0476,0,0.0476,0.9048,1,0,1,19,0,0.0476,0,1,1,0.0476190476190476,0,1,1,0,20,21,20,20,21,20
SKF_Large,19,SKF,Large,9,0.1111,0.3333,0.3333,0.2222,1,3,3,2,0.3333,0.1111,3,1,4,0.444444444444444,0.75,0.25,0.25,0.75,8,6,6,5,6,8
SKF_Large,20,SKF,Large,30,0.2333,0.4,0.2,0.1667,7,12,6,5,0.4,0.2333,12,7,19,0.633333333333333,0.631578947368421,0.368421052631579,0.368421052631579,0.631578947368421,23,18,24,11,18,23
SKF_Large,21,SKF,Large,19,0.1579,0.2105,0.2105,0.4211,3,4,4,8,0.2105,0.1579,4,3,7,0.368421052631579,0.571428571428571,0.428571428571429,0.428571428571429,0.571428571428571,16,15,15,12,15,16
SKF_Large,25,SKF,Large,13,0,0.1538,0.6154,0.2308,0,2,8,3,0.1538,0,2,0,2,0.153846153846154,1,0,0,1,13,11,5,11,11,13
