%% MP003 and Milly Repeat/add N Experimental Data on AAB task
% taken from Novel Context Recognition Task master excel file C:\Users\mpanagi\OneDrive\NovelContextRecognitionData_AAB\NCR_Data.xlsx
% Data are Anymaze tracking, in 5s bins, Session 1 only.
%Data are WT_AAA WT_AAB KO_AAA KO_AAB

% trial_5sbins: Column 1 is Trial number, column 2 is 5s bin number.
trial_5sbins = [1	1
1	2
1	3
1	4
1	5
1	6
1	7
1	8
1	9
1	10
1	11
1	12
1	13
1	14
1	15
1	16
1	17
1	18
1	19
1	20
1	21
1	22
1	23
1	24
1	25
1	26
1	27
1	28
1	29
1	30
1	31
1	32
1	33
1	34
1	35
1	36
1	37
1	38
1	39
1	40
1	41
1	42
1	43
1	44
1	45
1	46
1	47
1	48
1	49
1	50
1	51
1	52
1	53
1	54
1	55
1	56
1	57
1	58
1	59
1	60
2	1
2	2
2	3
2	4
2	5
2	6
2	7
2	8
2	9
2	10
2	11
2	12
2	13
2	14
2	15
2	16
2	17
2	18
2	19
2	20
2	21
2	22
2	23
2	24
2	25
2	26
2	27
2	28
2	29
2	30
2	31
2	32
2	33
2	34
2	35
2	36
2	37
2	38
2	39
2	40
2	41
2	42
2	43
2	44
2	45
2	46
2	47
2	48
2	49
2	50
2	51
2	52
2	53
2	54
2	55
2	56
2	57
2	58
2	59
2	60
3	1
3	2
3	3
3	4
3	5
3	6
3	7
3	8
3	9
3	10
3	11
3	12
3	13
3	14
3	15
3	16
3	17
3	18
3	19
3	20
3	21
3	22
3	23
3	24
3	25
3	26
3	27
3	28
3	29
3	30
3	31
3	32
3	33
3	34
3	35
3	36
3	37
3	38
3	39
3	40
3	41
3	42
3	43
3	44
3	45
3	46
3	47
3	48
3	49
3	50
3	51
3	52
3	53
3	54
3	55
3	56
3	57
3	58
3	59
3	60
];

WT_AAA = [0.098153846
0.159461538
0.197076923
0.367769231
0.355
0.409461538
0.309846154
0.387153846
0.341230769
0.308846154
0.275923077
0.203846154
0.232230769
0.195153846
0.203461538
0.252
0.254076923
0.280846154
0.225692308
0.204846154
0.206461538
0.219384615
0.255230769
0.220461538
0.311384615
0.273384615
0.187461538
0.232846154
0.281692308
0.219846154
0.204307692
0.270615385
0.242
0.241615385
0.194769231
0.226230769
0.182153846
0.237538462
0.142307692
0.200923077
0.288153846
0.257538462
0.298692308
0.247153846
0.27
0.176076923
0.198076923
0.252769231
0.180538462
0.206923077
0.238461538
0.267307692
0.274769231
0.291538462
0.180692308
0.230692308
0.255230769
0.272384615
0.296615385
0.203923077
0.252769231
0.178384615
0.183076923
0.202769231
0.156
0.155153846
0.160923077
0.150846154
0.111076923
0.167769231
0.178384615
0.223153846
0.172153846
0.147923077
0.179
0.226923077
0.224923077
0.194538462
0.130384615
0.177846154
0.221076923
0.325384615
0.247384615
0.229538462
0.171846154
0.231384615
0.218692308
0.193769231
0.197538462
0.283230769
0.194846154
0.132384615
0.191384615
0.234230769
0.206076923
0.224230769
0.218076923
0.220692308
0.187615385
0.195461538
0.291461538
0.231461538
0.205615385
0.243461538
0.237230769
0.140538462
0.179230769
0.204538462
0.162461538
0.200846154
0.233769231
0.168153846
0.169769231
0.180692308
0.221538462
0.172230769
0.197923077
0.198538462
0.212153846
0.170769231
0.132615385
0.136538462
0.055461538
0.129307692
0.142769231
0.124846154
0.134076923
0.087846154
0.106307692
0.066461538
0.104307692
0.119384615
0.121538462
0.158923077
0.141384615
0.122384615
0.170384615
0.149923077
0.181307692
0.165615385
0.064384615
0.134384615
0.212
0.174461538
0.202307692
0.200076923
0.206846154
0.217692308
0.203153846
0.097384615
0.130769231
0.123384615
0.116384615
0.209153846
0.167692308
0.189384615
0.107384615
0.128461538
0.160923077
0.154846154
0.214307692
0.193384615
0.178
0.199692308
0.189692308
0.18
0.162
0.244615385
0.134769231
0.185769231
0.115538462
0.129307692
0.193615385
0.105230769
0.178230769
0.130692308
0.189846154
0.202615385
0.179461538
0.251076923
];

WT_AAB = [0.162153846
0.394615385
0.407076923
0.427461538
0.475
0.352461538
0.376538462
0.467461538
0.367615385
0.342769231
0.286615385
0.363307692
0.338923077
0.228615385
0.282
0.247923077
0.250153846
0.17
0.315692308
0.249769231
0.257307692
0.311307692
0.207384615
0.265461538
0.361538462
0.293615385
0.195461538
0.275615385
0.216230769
0.173615385
0.270384615
0.260384615
0.194615385
0.214076923
0.172923077
0.229076923
0.208076923
0.236923077
0.210461538
0.214692308
0.191076923
0.182769231
0.27
0.184384615
0.192538462
0.223846154
0.165692308
0.276076923
0.178846154
0.210384615
0.159923077
0.208923077
0.230384615
0.224538462
0.168923077
0.220769231
0.235692308
0.208846154
0.183923077
0.194923077
0.176538462
0.135923077
0.138615385
0.131307692
0.188230769
0.205153846
0.070230769
0.105461538
0.066923077
0.135923077
0.089384615
0.194461538
0.170846154
0.136230769
0.146615385
0.134
0.113153846
0.203692308
0.145692308
0.205307692
0.143153846
0.109615385
0.137076923
0.132384615
0.103
0.119615385
0.152384615
0.137615385
0.111076923
0.119923077
0.161538462
0.110769231
0.152769231
0.135769231
0.104846154
0.119461538
0.084692308
0.115
0.127076923
0.136384615
0.132615385
0.130769231
0.160230769
0.136769231
0.105923077
0.168
0.118538462
0.123307692
0.152692308
0.187923077
0.143846154
0.160692308
0.129461538
0.160769231
0.189615385
0.094692308
0.206615385
0.12
0.183846154
0.117615385
0.212615385
0.215384615
0.259076923
0.289230769
0.349692308
0.326307692
0.346153846
0.338230769
0.319153846
0.232615385
0.321076923
0.241692308
0.230307692
0.175153846
0.218307692
0.183538462
0.186307692
0.196230769
0.195769231
0.135692308
0.137769231
0.161
0.138230769
0.154692308
0.207692308
0.187076923
0.177461538
0.166846154
0.130538462
0.087615385
0.154384615
0.144615385
0.129230769
0.138076923
0.120615385
0.164923077
0.093230769
0.137153846
0.130384615
0.103384615
0.115769231
0.115076923
0.093230769
0.127846154
0.111615385
0.236538462
0.094923077
0.133461538
0.131538462
0.103384615
0.158461538
0.111769231
0.124153846
0.136923077
0.182692308
0.164846154
0.067461538
0.182461538
0.124
0.139076923
];

KO_AAA = [0.035153846
0.063846154
0.153230769
0.228846154
0.313538462
0.335692308
0.391076923
0.436769231
0.418153846
0.450769231
0.490769231
0.512538462
0.448384615
0.477230769
0.438769231
0.481076923
0.453923077
0.482153846
0.519615385
0.424846154
0.444
0.457461538
0.394230769
0.461692308
0.447461538
0.414538462
0.413461538
0.408769231
0.384692308
0.506
0.456153846
0.523153846
0.437538462
0.438923077
0.505461538
0.448153846
0.480076923
0.349
0.453384615
0.399
0.497461538
0.467846154
0.399153846
0.393846154
0.285615385
0.428538462
0.362384615
0.443615385
0.445692308
0.401230769
0.442
0.502384615
0.416153846
0.411
0.376692308
0.522153846
0.414538462
0.491230769
0.338615385
0.420692308
0.238923077
0.498230769
0.491230769
0.582923077
0.627538462
0.596538462
0.597846154
0.620230769
0.555846154
0.502692308
0.566384615
0.460846154
0.512461538
0.446923077
0.506846154
0.450692308
0.497692308
0.469846154
0.347153846
0.398461538
0.418846154
0.472692308
0.397923077
0.426307692
0.476769231
0.478076923
0.453230769
0.364769231
0.431076923
0.433153846
0.335230769
0.467846154
0.366692308
0.433846154
0.435230769
0.409
0.422
0.428076923
0.344692308
0.334384615
0.290769231
0.282076923
0.227692308
0.286384615
0.399615385
0.413538462
0.301846154
0.346076923
0.409923077
0.362461538
0.410846154
0.338615385
0.349769231
0.369307692
0.506846154
0.360538462
0.413538462
0.380769231
0.327461538
0.277384615
0.286076923
0.553153846
0.669615385
0.466076923
0.557461538
0.525461538
0.509692308
0.456
0.453384615
0.476076923
0.323
0.460230769
0.365769231
0.347923077
0.370846154
0.341230769
0.434230769
0.311384615
0.339923077
0.321538462
0.310923077
0.332692308
0.299
0.285
0.295230769
0.327538462
0.298153846
0.311
0.260230769
0.320769231
0.304
0.292538462
0.304384615
0.305846154
0.267923077
0.345846154
0.322461538
0.313307692
0.335076923
0.308692308
0.262846154
0.336153846
0.302153846
0.24
0.299
0.283153846
0.289769231
0.260923077
0.288538462
0.350692308
0.247307692
0.295307692
0.332076923
0.337
0.328230769
0.348923077
0.351076923
0.276307692
0.294307692
0.306538462
];

